1
*,2,3,4,1,5,7,8,10,6,11,12,9,13,14,15-->1,2,3,4,5,6,7,8,9,10,11,13,12,15,14,*


*,2,3,4,1,5,7,8,10,6,11,13,9,12,15,14-->1,2,3,4,5,6,7,8,9,10,11,12,13,14,15,*


2,3,8,4,5,6,7,1,*-->2,1,3,4,5,6,7,8,*
3,2,8,4,5,6,7,1,*-->1,2,3,4,5,6,7,8,*
2,3,8,4,5,6,7,1,*-->2,1,3,4,5,6,7,8,*

*,2,3,4,1,5,7,8,10,6,11,12,9,13,14,15-->1,2,3,4,5,6,7,8,9,10,11,12,13,14,15,*


*,2,3,4,1,5,7,8,10,6,11,12,9,13,14,15-->1,2,3,4,5,6,7,8,9,10,11,12,13,14,15,*
3,2,8,4,5,6,7,1,*-->1,2,3,4,5,6,7,8,*


//SIR ER CASE
*,2,3,4,1,5,7,8,10,6,11,12,9,13,14,15-->1,2,3,4,5,6,7,8,9,10,11,12,13,14,15,*